1048
2970
9926
3660
4936
9199
6843
5267
9353
4269
8041
527
4962
9060
9811
3642
1571
3262
3238
291
7327
9953
6327
6039
7187
5214
4871
9285
10342
1776
9152
7500
8204
3497
3072
2871
10754
7222
7259
10478
4034
11102
10785
11452
4763
3231
8256
10798
8443
11365
10029
11506
11474
6965
2449
12095
1252
5089
2740
2295
10445
8994
12235
1224
10849
1911
11700
12071
12240
8901
11912
11067
12236
11486
12410
12435
11748
11900
12347
2488
2457
