1048
3806
242
4004
2205
9926
6991
8261
4936
1677
5731
9205
3613
2632
6843
5267
7181
2926
8041
1486
527
6968
7895
9548
9259
7313
9005
8690
9811
5860
3642
7050
1571
2653
3262
5573
5489
3238
5711
7327
8116
6327
3646
4050
7565
1952
10309
9983
397
4871
8313
10180
1776
10544
9152
8204
3072
2871
10754
11231
7222
11079
7259
10478
10803
4034
11102
10785
8323
10633
3231
8256
11518
10798
11260
8443
11365
10029
1554
2074
10238
11506
10221
11474
10445
1626
9200
11917
2449
11234
10114
11703
11715
10327
